11111111111111111110011111111111111111111111111
11111100000001111110000000001111111111111111111
11111100000000000000000000001111111111000000111
11111100111000000000011001001111001111000000111
11001100111111111111111001000000001111001100111
11000000111111111111111001000000001111001111111
11000000111000000001111001111111111000000000111
11111001111000000001111000000011111000000000111
11111001111001111001111000000011111001111100111
11111000000001111111000001110011111001001100111
11111000000001111111000001110000000001000000111
11111111001111111111111111110000000001000000111
11100000000000011100000000000011111111111111111
11100000000000011100000000000011100000000011111
11100111111110011100111111001111100000000010002
11100110011111111100111111001100100110010010002
11100110000000000000000011001100100110010010011
11100000000000000000000011000000000111110000011
11100000011111111111110011000000000111111111111
11111111111111111111111111111111111111111111111