11111111111001111111111111111111111111111111111
11111111111001100001111100000000000111000000111
11111000000001100001111100000000000111000000111
11111000000001111001111100111111100000001100111
11111001110000000000011100111111100000001100111
11100001100100000000011111111111100111001111111
11100001001100100110011100000000000111000001111
11111111001100100110011100000000000111000001111
11111110011100100000011100111111100111111111111
11111110011111111111111100111111100111111111002
11100000000001111000000000111111100000001111002
11100000000001111000000000111111100000001111001
11100111001001111001111111100001111111001111001
11100111001000000000000111100001111111000000001
11100111001000000000000111111001111111000000001
10000000001001110011100111111000000000001111001
10000000001001110000111111111000000000001111001
11111111111111110000111111100001111111111000001
11111111111111111111111111100001111111111000001
11111111111111111111111111111111111111111111111