11111111111111111111111111111111111100111111111
11000000011110000000111111111111111100000011111
11000000011110000000111111111111111100000011001
11001110011110011100000000000000000000110000001
11000010000000011100000000000000000000110000001
11000010000000011111111111111111111111110011111
11111111100111111000000000000000011111110000001
11000001100111111000000000000000011110000000001
11001001100111111111110011100110011110000011001
11001001100000000000000011100111111110011111111
11001001100000000000000011100111111110011111111
11001001111111111111111111100000000010000001111
11001000000000000000011111100000000010000001111
11001000000000000000011111111111110011111001111
11001111111111111110011111111111110011111001111
11001111100111111110011111111111110011111001111
11000000000111111110011111000000000000000001111
11000000000111100000000000000000000000000001111
11111001111111100000000000001111111111111111111
11111000000011100111111111000000111111111111111
11111000000011111111111111000000111111111111111
11111111112211111111111111111111111111111111111